# h                    #cell      L2_error           #iteration      condition_number     assemble[s]            solve[s]
3.535533910000000e-01  17496  1.976262583364986e-323  32  5.954248685551646e+01  1.959986013000000e+00  1.661481430000000e-01
2.500000000000000e-01  20856  1.976262583364986e-323  78  1.938991901187954e+02  2.348257697000000e+00  1.509406760000000e-01
1.767766950000000e-01  28264  1.976262583364986e-323  143  5.908944563249580e+02  5.248331325000000e+00  4.579260120000000e-01
1.250000000000000e-01  59030  1.976262583364986e-323  213  1.612096561961472e+03  9.459652561000000e+00  1.718744981000000e+00
8.838834800000001e-02  169549  1.976262583364986e-323  363  4.793792218987351e+03  2.748890746900000e+01  1.287007073300000e+01
6.250000000000000e-02  445496  1.976262583364986e-323  549  1.434872061179637e+04  7.519504947700000e+01  2.787340196200000e+01
4.420000000000000e-02  1270577  1.976262583364986e-323  980  3.709079692104183e+04  2.132113982540000e+02  1.232729113920000e+02
3.125000000000000e-02  3443619  1.976262583364986e-323  1545  9.622747413952857e+04  5.650153884980000e+02  4.955310865720000e+02

