# h                    #cell      L2_error           #iteration      condition_number     assemble[s]            solve[s]
3.535533910000000e-01  17496  0.000000000000000e+00  10  1.605458610326793e+00  2.694899141000000e+00  5.492438800000000e-01
3.535533910000000e-01  17496  0.000000000000000e+00  10  1.605458610326793e+00  2.694899141000000e+00  5.394615090000000e-01
3.535533910000000e-01  17496  0.000000000000000e+00  10  1.605458610326793e+00  2.694899141000000e+00  5.364868030000000e-01
3.535533910000000e-01  17496  0.000000000000000e+00  10  1.605458610326793e+00  2.694899141000000e+00  5.813175790000000e-01
3.535533910000000e-01  17496  0.000000000000000e+00  10  1.605458610326793e+00  2.694899141000000e+00  7.780553609999999e-01
3.535533910000000e-01  17496  0.000000000000000e+00  10  1.605458610326793e+00  2.694899141000000e+00  8.152346480000000e-01
3.535533910000000e-01  17496  0.000000000000000e+00  10  1.605458610326793e+00  2.694899141000000e+00  8.204056830000001e-01
3.535533910000000e-01  17496  0.000000000000000e+00  10  1.605458610326793e+00  2.694899141000000e+00  8.141272730000000e-01
3.535533910000000e-01  17496  0.000000000000000e+00  10  1.605458610326793e+00  2.694899141000000e+00  8.076748570000000e-01
3.535533910000000e-01  17496  0.000000000000000e+00  10  1.605458610326793e+00  2.694899141000000e+00  8.114670430000001e-01
3.535533910000000e-01  17496  0.000000000000000e+00  10  1.605458610326793e+00  2.694899141000000e+00  8.122317440000000e-01
3.535533910000000e-01  17496  0.000000000000000e+00  10  1.605458610326793e+00  2.694899141000000e+00  8.376408800000000e-01
3.535533910000000e-01  17496  0.000000000000000e+00  10  1.605458610326793e+00  2.694899141000000e+00  8.525961280000000e-01
3.535533910000000e-01  17496  0.000000000000000e+00  10  1.605458610326793e+00  2.694899141000000e+00  8.608464900000000e-01
3.535533910000000e-01  17496  0.000000000000000e+00  10  1.605458610326793e+00  2.694899141000000e+00  9.453008340000000e-01

2.500000000000000e-01  20856  0.000000000000000e+00  11  1.882296502937631e+00  5.218917251000000e+00  1.117242212000000e+00
2.500000000000000e-01  20856  0.000000000000000e+00  11  1.882296502937631e+00  5.218917251000000e+00  1.055193479000000e+00
2.500000000000000e-01  20856  0.000000000000000e+00  11  1.882296502937631e+00  5.218917251000000e+00  1.042538094000000e+00
2.500000000000000e-01  20856  0.000000000000000e+00  11  1.882296502937631e+00  5.218917251000000e+00  1.145421670000000e+00
2.500000000000000e-01  20856  0.000000000000000e+00  11  1.882296502937631e+00  5.218917251000000e+00  1.200142448000000e+00
2.500000000000000e-01  20856  0.000000000000000e+00  11  1.882296502937631e+00  5.218917251000000e+00  1.124743948000000e+00
2.500000000000000e-01  20856  0.000000000000000e+00  11  1.882296502937631e+00  5.218917251000000e+00  1.086155779000000e+00
2.500000000000000e-01  20856  0.000000000000000e+00  11  1.882296502937631e+00  5.218917251000000e+00  1.067876904000000e+00
2.500000000000000e-01  20856  0.000000000000000e+00  11  1.882296502937631e+00  5.218917251000000e+00  1.247204517000000e+00
2.500000000000000e-01  20856  0.000000000000000e+00  11  1.882296502937631e+00  5.218917251000000e+00  1.023411119000000e+00
2.500000000000000e-01  20856  0.000000000000000e+00  11  1.882296502937631e+00  5.218917251000000e+00  9.996995420000000e-01
2.500000000000000e-01  20856  0.000000000000000e+00  11  1.882296502937631e+00  5.218917251000000e+00  9.796426770000000e-01
2.500000000000000e-01  20856  0.000000000000000e+00  11  1.882296502937631e+00  5.218917251000000e+00  9.801827530000000e-01
2.500000000000000e-01  20856  0.000000000000000e+00  11  1.882296502937631e+00  5.218917251000000e+00  1.106681256000000e+00
2.500000000000000e-01  20856  0.000000000000000e+00  11  1.882296502937631e+00  5.218917251000000e+00  1.123152306000000e+00

1.767766950000000e-01  28264  0.000000000000000e+00  15  2.696762537886388e+00  6.861346184000000e+00  1.487639835000000e+00
1.767766950000000e-01  28264  0.000000000000000e+00  15  2.696762537886388e+00  6.861346184000000e+00  1.500541143000000e+00
1.767766950000000e-01  28264  0.000000000000000e+00  15  2.696762537886388e+00  6.861346184000000e+00  1.508380220000000e+00
1.767766950000000e-01  28264  0.000000000000000e+00  15  2.696762537886388e+00  6.861346184000000e+00  1.496530262000000e+00
1.767766950000000e-01  28264  0.000000000000000e+00  15  2.696762537886388e+00  6.861346184000000e+00  1.487286863000000e+00
1.767766950000000e-01  28264  0.000000000000000e+00  15  2.696762537886388e+00  6.861346184000000e+00  1.493699864000000e+00
1.767766950000000e-01  28264  0.000000000000000e+00  15  2.696762537886388e+00  6.861346184000000e+00  1.495548911000000e+00
1.767766950000000e-01  28264  0.000000000000000e+00  15  2.696762537886388e+00  6.861346184000000e+00  1.517950809000000e+00
1.767766950000000e-01  28264  0.000000000000000e+00  15  2.696762537886388e+00  6.861346184000000e+00  1.599574139000000e+00
1.767766950000000e-01  28264  0.000000000000000e+00  15  2.696762537886388e+00  6.861346184000000e+00  1.601505240000000e+00
1.767766950000000e-01  28264  0.000000000000000e+00  15  2.696762537886388e+00  6.861346184000000e+00  1.598594805000000e+00
1.767766950000000e-01  28264  0.000000000000000e+00  15  2.696762537886388e+00  6.861346184000000e+00  1.605604652000000e+00
1.767766950000000e-01  28264  0.000000000000000e+00  15  2.696762537886388e+00  6.861346184000000e+00  1.597448683000000e+00
1.767766950000000e-01  28264  0.000000000000000e+00  15  2.696762537886388e+00  6.861346184000000e+00  1.602204472000000e+00
1.767766950000000e-01  28264  0.000000000000000e+00  15  2.696762537886388e+00  6.861346184000000e+00  1.600253367000000e+00

1.250000000000000e-01  59030  1.976262583364986e-323  17  3.580706600187176e+00  9.757434875000000e+00  3.214580387000000e+00
1.250000000000000e-01  59030  1.976262583364986e-323  17  3.580706600187176e+00  9.757434875000000e+00  4.379836251000000e+00
1.250000000000000e-01  59030  1.976262583364986e-323  17  3.580706600187176e+00  9.757434875000000e+00  4.339611237000000e+00
1.250000000000000e-01  59030  1.976262583364986e-323  17  3.580706600187176e+00  9.757434875000000e+00  4.282199102000000e+00
1.250000000000000e-01  59030  1.976262583364986e-323  17  3.580706600187176e+00  9.757434875000000e+00  4.242757283000000e+00
1.250000000000000e-01  59030  1.976262583364986e-323  17  3.580706600187176e+00  9.757434875000000e+00  4.224454286000000e+00
1.250000000000000e-01  59030  1.976262583364986e-323  17  3.580706600187176e+00  9.757434875000000e+00  4.238968750000000e+00
1.250000000000000e-01  59030  1.976262583364986e-323  17  3.580706600187176e+00  9.757434875000000e+00  4.227648851000000e+00
1.250000000000000e-01  59030  1.976262583364986e-323  17  3.580706600187176e+00  9.757434875000000e+00  4.219045088000000e+00
1.250000000000000e-01  59030  1.976262583364986e-323  17  3.580706600187176e+00  9.757434875000000e+00  4.257783537000000e+00
1.250000000000000e-01  59030  1.976262583364986e-323  17  3.580706600187176e+00  9.757434875000000e+00  4.226095911000000e+00
1.250000000000000e-01  59030  1.976262583364986e-323  17  3.580706600187176e+00  9.757434875000000e+00  4.224800455000000e+00
1.250000000000000e-01  59030  1.976262583364986e-323  17  3.580706600187176e+00  9.757434875000000e+00  4.229380767000000e+00
1.250000000000000e-01  59030  1.976262583364986e-323  17  3.580706600187176e+00  9.757434875000000e+00  4.211257789000000e+00
1.250000000000000e-01  59030  1.976262583364986e-323  17  3.580706600187176e+00  9.757434875000000e+00  4.210913007000000e+00

8.838834800000001e-02  169549  1.976262583364986e-323  21  5.080174955033370e+00  3.432191967300000e+01  1.267872067200000e+01
8.838834800000001e-02  169549  1.976262583364986e-323  21  5.080174955033370e+00  3.432191967300000e+01  1.280430639000000e+01
8.838834800000001e-02  169549  1.976262583364986e-323  21  5.080174955033370e+00  3.432191967300000e+01  1.273705145500000e+01
8.838834800000001e-02  169549  1.976262583364986e-323  21  5.080174955033370e+00  3.432191967300000e+01  1.279452442600000e+01
8.838834800000001e-02  169549  1.976262583364986e-323  21  5.080174955033370e+00  3.432191967300000e+01  1.274079592700000e+01
8.838834800000001e-02  169549  1.976262583364986e-323  21  5.080174955033370e+00  3.432191967300000e+01  1.271256917100000e+01
8.838834800000001e-02  169549  1.976262583364986e-323  21  5.080174955033370e+00  3.432191967300000e+01  1.279166128700000e+01
8.838834800000001e-02  169549  1.976262583364986e-323  21  5.080174955033370e+00  3.432191967300000e+01  1.277862859700000e+01
8.838834800000001e-02  169549  1.976262583364986e-323  21  5.080174955033370e+00  3.432191967300000e+01  1.273327311700000e+01
8.838834800000001e-02  169549  1.976262583364986e-323  21  5.080174955033370e+00  3.432191967300000e+01  1.277053050900000e+01
8.838834800000001e-02  169549  1.976262583364986e-323  21  5.080174955033370e+00  3.432191967300000e+01  1.273524747300000e+01
8.838834800000001e-02  169549  1.976262583364986e-323  21  5.080174955033370e+00  3.432191967300000e+01  1.272262551500000e+01
8.838834800000001e-02  169549  1.976262583364986e-323  21  5.080174955033370e+00  3.432191967300000e+01  1.274127901300000e+01
8.838834800000001e-02  169549  1.976262583364986e-323  21  5.080174955033370e+00  3.432191967300000e+01  1.279086762900000e+01
8.838834800000001e-02  169549  1.976262583364986e-323  21  5.080174955033370e+00  3.432191967300000e+01  1.347173151800000e+01

6.250000000000000e-02  445496  1.976262583364986e-323  24  6.884207127572430e+00  9.637618012499999e+01  3.276332495200000e+01
6.250000000000000e-02  445496  1.976262583364986e-323  24  6.884207127572430e+00  9.637618012499999e+01  3.281729943800000e+01
6.250000000000000e-02  445496  1.976262583364986e-323  24  6.884207127572430e+00  9.637618012499999e+01  3.272498057000000e+01
6.250000000000000e-02  445496  1.976262583364986e-323  24  6.884207127572430e+00  9.637618012499999e+01  3.287421952100000e+01
6.250000000000000e-02  445496  1.976262583364986e-323  24  6.884207127572430e+00  9.637618012499999e+01  3.279788752900000e+01
6.250000000000000e-02  445496  1.976262583364986e-323  24  6.884207127572430e+00  9.637618012499999e+01  3.378371181100000e+01
6.250000000000000e-02  445496  1.976262583364986e-323  24  6.884207127572430e+00  9.637618012499999e+01  3.488894979800000e+01
6.250000000000000e-02  445496  1.976262583364986e-323  24  6.884207127572430e+00  9.637618012499999e+01  3.503287630300000e+01
6.250000000000000e-02  445496  1.976262583364986e-323  24  6.884207127572430e+00  9.637618012499999e+01  3.489458434200000e+01
6.250000000000000e-02  445496  1.976262583364986e-323  24  6.884207127572430e+00  9.637618012499999e+01  3.492232994100000e+01
6.250000000000000e-02  445496  1.976262583364986e-323  24  6.884207127572430e+00  9.637618012499999e+01  3.491527929100000e+01
6.250000000000000e-02  445496  1.976262583364986e-323  24  6.884207127572430e+00  9.637618012499999e+01  3.501112925300000e+01
6.250000000000000e-02  445496  1.976262583364986e-323  24  6.884207127572430e+00  9.637618012499999e+01  3.502903775300000e+01
6.250000000000000e-02  445496  1.976262583364986e-323  24  6.884207127572430e+00  9.637618012499999e+01  3.517096537300000e+01
6.250000000000000e-02  445496  1.976262583364986e-323  24  6.884207127572430e+00  9.637618012499999e+01  3.505747909000000e+01

4.420000000000000e-02  1270577  9.881312916824931e-324  30  9.897029121314310e+00  3.799473579370000e+02  1.333772482030000e+02
4.420000000000000e-02  1270577  9.881312916824931e-324  30  9.897029121314310e+00  3.799473579370000e+02  1.322757571250000e+02
4.420000000000000e-02  1270577  9.881312916824931e-324  30  9.897029121314310e+00  3.799473579370000e+02  1.321117265250000e+02
4.420000000000000e-02  1270577  9.881312916824931e-324  30  9.897029121314310e+00  3.799473579370000e+02  1.239332644270000e+02
4.420000000000000e-02  1270577  9.881312916824931e-324  30  9.897029121314310e+00  3.799473579370000e+02  1.233337683190000e+02
4.420000000000000e-02  1270577  9.881312916824931e-324  30  9.897029121314310e+00  3.799473579370000e+02  1.231003033330000e+02
4.420000000000000e-02  1270577  1.976262583364986e-323  30  9.897029121314310e+00  3.623144660440000e+02  1.265245872040000e+02
4.420000000000000e-02  1270577  1.976262583364986e-323  30  9.897029121314310e+00  3.623144660440000e+02  1.298973826670000e+02
4.420000000000000e-02  1270577  1.976262583364986e-323  30  9.897029121314310e+00  3.623144660440000e+02  1.277474060770000e+02
4.420000000000000e-02  1270577  1.976262583364986e-323  30  9.897029121314310e+00  3.623144660440000e+02  1.267254772020000e+02
4.420000000000000e-02  1270577  1.976262583364986e-323  30  9.897029121314310e+00  3.623144660440000e+02  1.256121670120000e+02
4.420000000000000e-02  1270577  1.976262583364986e-323  30  9.897029121314310e+00  3.623144660440000e+02  1.257775752100000e+02
4.420000000000000e-02  1270577  9.881312916824931e-324  30  9.897029121314310e+00  2.991440975770000e+02  1.079476058820000e+02
4.420000000000000e-02  1270577  9.881312916824931e-324  30  9.897029121314310e+00  2.991440975770000e+02  1.078469403650000e+02
4.420000000000000e-02  1270577  9.881312916824931e-324  30  9.897029121314310e+00  2.991440975770000e+02  1.076506133740000e+02
4.420000000000000e-02  1270577  9.881312916824931e-324  30  9.897029121314310e+00  2.991440975770000e+02  1.088386687140000e+02
4.420000000000000e-02  1270577  9.881312916824931e-324  30  9.897029121314310e+00  2.991440975770000e+02  1.094383217060000e+02
4.420000000000000e-02  1270577  9.881312916824931e-324  30  9.897029121314310e+00  2.991440975770000e+02  1.086804853520000e+02
4.420000000000000e-02  1270577  9.881312916824931e-324  30  9.897029121314310e+00  2.991440975770000e+02  1.086964492490000e+02
4.420000000000000e-02  1270577  9.881312916824931e-324  30  9.897029121314310e+00  2.991440975770000e+02  1.119638510330000e+02

3.125000000000000e-02  3443619  6.953282717477569e-310  35  1.371508724349412e+01  1.009650780772000e+03  3.924736082030000e+02
3.125000000000000e-02  3443619  1.976262583364986e-323  35  1.371508724349412e+01  1.015968981375000e+03  3.858332325530000e+02
3.125000000000000e-02  3443619  0.000000000000000e+00  35  1.371508724349412e+01  1.014337941727000e+03  3.900419188180000e+02
3.125000000000000e-02  3443619  7.064154069270676e-304  35  1.371508724349412e+01  1.012284735008000e+03  3.858425374380000e+02
3.125000000000000e-02  3443619  0.000000000000000e+00  35  1.371508724349412e+01  9.534392998310000e+02  3.786755660690000e+02
3.125000000000000e-02  3443619  7.064154069270676e-304  35  1.371508724349412e+01  9.969725335690000e+02  3.801288950660000e+02
3.125000000000000e-02  3443619  9.881312916824931e-324  35  1.371508724349412e+01  9.959765460940000e+02  3.796446096450000e+02
3.125000000000000e-02  3443619  9.881312916824931e-324  35  1.371508724349412e+01  9.967949374070000e+02  3.794883312780000e+02
3.125000000000000e-02  3443619  0.000000000000000e+00  35  1.371508724349412e+01  9.934347955690000e+02  3.803030263820000e+02
3.125000000000000e-02  3443619  7.064154069270676e-304  35  1.371508724349412e+01  7.873764521950000e+02  3.121028418440000e+02
3.125000000000000e-02  3443619  9.881312916824931e-324  35  1.371508724349412e+01  8.024914159140000e+02  3.122953981970000e+02
3.125000000000000e-02  3443619  9.881312916824931e-324  35  1.371508724349412e+01  8.024914159140000e+02  3.121787999520000e+02
3.125000000000000e-02  3443619  1.976262583364986e-323  35  1.371508724349412e+01  7.931918056919999e+02  3.113715791520000e+02
3.125000000000000e-02  3443619  1.976262583364986e-323  35  1.371508724349412e+01  7.931918056919999e+02  3.287499869830000e+02
3.125000000000000e-02  3443619  0.000000000000000e+00  35  1.371508724349412e+01  8.321616316520001e+02  3.283458682690000e+02
3.125000000000000e-02  3443619  0.000000000000000e+00  35  1.371508724349412e+01  8.321616316520001e+02  3.309982357120000e+02
3.125000000000000e-02  3443619  0.000000000000000e+00  35  1.371508724349412e+01  8.305924864389999e+02  3.273213898540000e+02
3.125000000000000e-02  3443619  0.000000000000000e+00  35  1.371508724349412e+01  8.305924864389999e+02  3.284402596070000e+02
